Left Image (x, y), Right Image (x, y), 3D Point (X, Y, Z)
[ 44.07749176 311.17434692], [490.67596436 168.99320984], [ 196.00235212   33.79894811 -407.76468921]
[ 46.19703674 403.39178467], [485.09591675  76.95515442], [ 202.49534903   35.78122057 -421.87757958]
[ 49.78344727 309.60510254], [485.1890564  170.37307739], [ 205.73922286   35.83694778 -431.77068852]
[ 58.54446411 314.19091797], [476.38308716 166.04771423], [ 223.81497622   39.55881143 -476.25805029]
[ 61.51424408 316.2076416 ], [473.30740356 163.65965271], [ 230.95580856   41.11439369 -493.79615975]
[ 62.49705887 233.61399841], [473.99627686 245.66094971], [ 226.00559481   39.76204097 -480.05535832]
[ 62.78567123 344.30258179], [472.05377197 135.60481262], [ 234.38751835   42.06160824 -502.392287  ]
[ 62.97046661 215.49676514], [472.97348022 264.51855469], [ 225.96035349   39.52447052 -478.78885391]
[ 64.1243515  332.39645386], [471.03244019 147.85542297], [ 237.25390117   42.49619003 -509.5744037 ]
[ 64.14745331 327.89120483], [470.93295288 152.21264648], [ 237.37613935   42.50715762 -509.81427237]
[ 64.65291595 300.32382202], [470.78030396 179.31738281], [ 237.38812263   42.39138981 -509.67269081]
[ 64.65291595 300.32382202], [470.78030396 179.31738281], [ 237.38812263   42.39138981 -509.67269081]
[ 65.66464996 226.47940063], [470.54342651 253.3817749 ], [ 233.23648203   41.10138083 -497.30548011]
[ 67.44842529 221.93234253], [468.51953125 258.31994629], [ 237.57606038   41.89032311 -507.5841797 ]
[ 68.28164673 233.69329834], [467.62515259 245.42434692], [ 241.26276231   42.91361718 -517.21047232]
[ 70.6802063  301.08825684], [464.97167969 178.70742798], [ 253.84215287   45.77961917 -550.2791945 ]
[73.86340332 12.8499012 ], [448.7567749  465.89736938], [ 226.90632474   39.45142598 -455.84733001]
[ 75.75157166 288.02896118], [459.38366699 192.65437317], [ 270.38928828   48.87531416 -590.39715629]
[ 76.73485565 343.30465698], [457.61212158 136.68125916], [ 277.52007335   50.97379802 -608.22903804]
[79.90831757  8.66607952], [442.82440186 469.65005493], [ 240.05589676   42.29055885 -485.98535776]
[ 81.86392975 335.18261719], [453.48712158 145.10131836], [ 295.35592195   54.56920739 -652.69951953]
[ 82.06236267 335.8855896 ], [453.48712158 145.10131836], [ 295.71134331   54.48880295 -653.69956974]
[82.15229034 35.0969696 ], [440.57342529 444.35406494], [ 255.95399911   45.23869996 -526.98754251]
[ 86.09346771 428.35754395], [446.90350342  54.85715866], [ 314.3590014    58.95105383 -695.8392247 ]
[ 86.85861969 275.48794556], [449.1305542  204.17341614], [ 312.45204227   57.73711872 -693.96239095]
[ 86.86519623 353.14105225], [447.44165039 127.42785645], [ 321.16534525   60.00451356 -715.51294768]
[ 87.36331177 415.57369995], [445.19845581  65.32888794], [ 323.68847197   61.27705416 -718.95335943]
[ 88.44940948 349.18292236], [445.5447998  131.17044067], [ 330.44756636   61.91912842 -738.14810869]
[ 88.72560883 314.27307129], [446.29568481 167.15498352], [ 328.05051678   60.77641276 -732.74861223]
[ 89.77984619 354.53515625], [444.36105347 125.8270874 ], [ 337.20674313   63.40105202 -754.83695342]
[ 94.03289795 318.21780396], [440.71749878 162.14642334], [ 360.46882388   67.7933884  -812.38909657]
[ 94.50240326 384.61221313], [439.73272705  95.90099335], [ 363.8298565    69.36966072 -819.80727302]
[ 94.57937622 334.53967285], [439.86972046 145.90582275], [ 365.83961941   69.06415486 -825.53396572]
[ 94.61560822 289.64935303], [440.42800903 191.09938049], [ 360.50722481   67.39526244 -811.99157128]
[ 95.97206879 283.43731689], [438.92419434 196.80436707], [ 369.32234374   69.2949202  -833.32974276]
[ 95.97206879 283.43731689], [438.92419434 196.80436707], [ 369.32234374   69.2949202  -833.32974276]
[100.64337921 312.57836914], [434.39306641 168.02293396], [ 408.21908635   77.52727295 -930.0204655 ]
[106.76573944 348.07000732], [427.85134888 132.76667786], [  473.2894002     91.40472783 -1090.06007144]
[108.31391907  38.10770035], [415.12728882 441.4473877 ], [ 376.24041014   70.05764439 -810.53198952]
[110.11486816 374.92312622], [423.97735596 105.65971375], [  517.3950017    101.18200877 -1197.46292711]
[114.01835632 438.54296875], [416.91363525  43.96445465], [  581.97700851   115.2000626  -1347.78463219]
[115.40723419 296.13134766], [420.40979004 185.14877319], [  585.05210099   113.48581357 -1365.59167564]
[117.28710938 332.54425049], [418.50027466 148.32014465], [  630.06618663   123.66408487 -1477.48901221]
[127.98960114 281.17541504], [411.38827515 199.22029114], [  876.57955034   174.39101334 -2089.15605642]
[128.84761047 375.10919189], [405.91702271 105.38505554], [ 1073.45251148   217.32552167 -2566.2067951 ]
[139.26663208 430.56408691], [392.7940979  50.5920105], [ 3006.46073793   625.65081705 -7283.88195197]
[140.97288513 323.57543945], [395.69473267 157.79579163], [ 3555.19613258   726.87066837 -8691.11737759]
[143.4006958   23.88892746], [385.3677063  454.77783203], [  950.26902136   190.88849952 -2163.81948744]
[150.45507812 446.18136597], [382.09716797  34.86699677], [-3605.47184977  -769.01217621  8892.84444791]
[151.20269775 359.66537476], [383.48629761 121.37123871], [-2575.29217348  -541.11013411  6412.69485377]
[151.36538696 285.6975708 ], [385.61645508 195.12654114], [-3335.32352166  -693.58470892  8293.809519  ]
[158.21685791 295.93228149], [378.98492432 185.55653381], [-1377.96015804  -290.0483457   3472.62776188]
[158.69221497 381.99871826], [376.11672974  99.03656769], [-1207.26672695  -258.39312679  3044.73951167]
[164.567276   387.57125854], [370.11700439  93.8843689 ], [-835.87332937 -180.8155014  2130.52095522]
[165.50291443 358.44094849], [369.35232544 123.0602417 ], [-783.47529493 -168.92097147 2003.48812402]
[165.50291443 358.44094849], [369.35232544 123.0602417 ], [-783.47529493 -168.92097147 2003.48812402]
[168.33666992 351.04052734], [366.83676147 130.1999054 ], [-688.82712701 -149.34995135 1771.22204535]
[170.29364014 373.88687134], [364.43362427 107.52723694], [-633.48366708 -138.29674503 1633.5967353 ]
[173.52760315 387.92999268], [361.49642944  93.0358963 ], [-566.68469985 -125.05703137 1469.01505385]
[176.85546875 322.61752319], [360.60345459 160.49841309], [-516.12395295 -112.42936319 1348.87931698]
[182.48034668 390.35507202], [352.6583252   91.19486237], [-424.29569186  -95.13214807 1118.81928307]
[188.28759766 341.18389893], [348.5947876  139.33122253], [-365.28146919  -82.63165493  976.25326879]
[189.53622437  63.40795898], [349.80496216 419.86566162], [-579.09947917 -126.70634281 1466.32927919]
[192.92388916 341.55926514], [343.98635864 139.79632568], [-326.5133432   -74.3100291   880.67576441]
[193.64189148 421.89944458], [339.69259644  57.93766022], [-319.56793076  -74.24674252  858.44627881]
[194.0967865  322.04980469], [342.70779419 159.71325684], [-317.68304879  -72.16045798  858.77143467]
[200.52424622  18.68067169], [329.35021973 460.81832886], [-414.77590032  -94.47567864 1052.48206108]
[203.86352539  97.56343842], [330.52685547 385.20013428], [-319.64200079  -72.57368701  844.85648948]
[204.31851196 374.48251343], [331.67541504 106.87080383], [-256.53988615  -60.08909995  707.16471825]
[206.97468567 174.59950256], [332.09246826 306.34677124], [-274.16063837  -63.42612459  746.62713452]
[209.10675049 238.0227356 ], [329.03045654 243.39230347], [-245.56012714  -57.21296497  679.75924308]
[209.81997681 384.65649414], [330.04022217  96.8452301 ], [-240.23286293  -56.98204003  669.23834282]
[209.95254517 274.63311768], [328.12545776 206.84849548], [-236.93117741  -55.46915122  659.75004045]
[213.72767639 346.06121826], [323.61468506 134.10897827], [-218.21686697  -52.2245528   613.88417456]
[214.00360107 365.86773682], [323.10848999 115.92604065], [-217.41073475  -51.8306778   611.59063861]
[217.4335022  179.35758972], [319.95684814 301.78540039], [-221.38291564  -52.43058117  616.88750839]
[219.26763916 296.75720215], [318.54849243 184.97035217], [-200.7973664   -48.04728858  570.95815986]
[219.54470825 317.68988037], [318.08074951 164.076828  ], [-199.00593366  -47.74489582  566.64063448]
[221.5683136  185.68151855], [315.90673828 295.6282959 ], [-205.54037573  -49.12866044  578.59473884]
[222.45195007 274.01419067], [315.84606934 206.88020325], [-192.93865536  -46.5700872   551.45603835]
[222.67201233 193.71394348], [314.79495239 287.55084229], [-200.48758711  -48.07320348  566.66587403]
[222.99032593  79.1858139 ], [309.021698   401.50137329], [-221.96025033  -53.19696584  606.80184431]
[223.63934326 392.16650391], [311.74020386  89.54893494], [-185.8666865   -45.43507353  532.56022674]
[223.63934326 392.16650391], [311.74020386  89.54893494], [-185.8666865   -45.43507353  532.56022674]
[224.32072449 370.83224487], [312.26022339 110.62571716], [-184.38299871  -45.05802861  529.85622787]
[224.38723755 343.41168213], [312.50552368 138.42054749], [-183.87862296  -44.71322233  528.99109794]
[225.08007812  59.13101578], [307.27084351 421.33596802], [-222.72884198  -53.68699261  606.65825832]
[226.4045105  167.01834106], [311.53121948 314.09863281], [-194.42177579  -47.00422017  550.6152425 ]
[226.53819275  87.30806732], [305.25524902 393.80807495], [-206.05728138  -49.73018349  569.41685676]
[227.44206238 297.51177979], [310.48373413 183.62103271], [-177.57060993  -43.3966043   513.76145936]
[228.52618408 284.46765137], [309.41421509 197.1270752 ], [-175.35298751  -42.82318306  508.12321627]
[228.6065979  407.43902588], [306.42184448  74.46258545], [-173.54332756  -42.94979992  501.77331934]
[229.01626587 201.98820496], [308.5163269  279.20040894], [-180.8495827   -44.04667079  519.02577073]
[229.16023254 210.53433228], [308.22293091 271.13983154], [-179.22773722  -43.5930279   515.32738291]
[229.46081543 199.47862244], [307.94955444 282.07177734], [-179.88208127  -43.78249217  516.48030912]
[230.29145813 165.16720581], [307.99139404 316.13195801], [-183.99959087  -44.85963321  525.2527609 ]
[230.29145813 165.16720581], [307.99139404 316.13195801], [-183.99959087  -44.85963321  525.2527609 ]
[231.60716248 361.20968628], [304.40518188 120.52431488], [-165.34018179  -40.96705374  482.79426552]
[231.60716248 361.20968628], [304.40518188 120.52431488], [-165.34018179  -40.96705374  482.79426552]
[232.49009705 293.17745972], [305.40710449 188.57356262], [-165.48298264  -40.78570649  483.89501867]
[233.54077148 319.40283203], [303.89505005 162.73158264], [-162.11645333  -40.08540775  475.59079128]
[233.58288574 156.16732788], [305.9942627  325.70910645], [-178.31788461  -43.69783651  511.49628765]
[233.62428284  74.25663757], [298.3480835  406.76522827], [-188.39254294  -46.28046359  526.08002148]
[235.00514221 218.77738953], [302.31002808 262.85668945], [-164.05620679  -40.48137634  478.41434309]
[235.47200012 222.4750824 ], [301.73501587 259.21228027], [-162.5607622   -40.15518975  474.8210041 ]
[237.14564514 262.19625854], [299.61538696 219.54370117], [-155.70976265  -38.7005122   458.83761245]
[237.3180542 409.4119873], [298.25018311  72.46913147], [-154.78747015  -39.0737258   455.90061023]
[237.85075378 174.31529236], [299.97277832 307.40307617], [-163.31591762  -40.48577563  475.02372802]
[238.35093689 258.35876465], [298.69384766 223.43994141], [-153.71573565  -38.29333661  453.97930702]
[239.25514221 435.68612671], [294.69940186  46.31916809], [-151.35878085  -38.50390012  446.1471841 ]
[240.45680237 178.14424133], [297.38058472 303.22808838], [-157.15470992  -39.26887394  460.1689734 ]
[240.79667664 226.3401947 ], [296.35498047 255.36911011], [-151.08172971  -37.79959292  446.76216369]
[241.73272705 247.63278198], [295.49874878 234.1907959 ], [-147.89189523  -37.10924187  439.51226393]
[241.85621643  64.78809357], [290.40548706 415.69668579], [-169.61667768  -42.6368615   480.62769602]
[243.51316833 197.70927429], [295.46511841 284.39505005], [-149.8281402   -37.62131732  443.51064023]
[243.5705719  232.23399353], [293.9642334  250.39489746], [-145.70343553  -36.56111817  433.87520649]
[243.7666626   75.25535583], [289.12161255 406.13995361], [-163.30628103  -41.08980316  466.65465998]
[244.37141418 352.19595337], [291.88208008 129.11683655], [-140.19794226  -35.7929319   421.0552232 ]
[244.74057007 409.65185547], [290.57067871  72.21379089], [-140.72386776  -36.12981065  421.24861887]
[245.48243713 403.89343262], [290.20541382  77.8964386 ], [-139.44679949  -35.84620199  418.37014032]
[245.48243713 403.89343262], [290.20541382  77.8964386 ], [-139.44679949  -35.84620199  418.37014032]
[245.82139587 164.56610107], [291.00628662 317.94436646], [-147.31128194  -37.1000592   435.10702278]
[246.10971069 265.9894104 ], [290.80047607 215.8530426 ], [-138.88631368  -35.25257253  417.60430683]
[246.2013092  177.34733582], [291.30404663 303.66131592], [-145.61414735  -36.95691301  431.82588283]
[246.2013092  177.34733582], [291.30404663 303.66131592], [-145.61414735  -36.95691301  431.82588283]
[247.40179443 185.78050232], [290.29608154 295.85180664], [-142.72722867  -36.24127944  425.17318446]
[247.40179443 185.78050232], [290.29608154 295.85180664], [-142.72722867  -36.24127944  425.17318446]
[247.41033936 428.0916748 ], [287.2492981  54.1845932], [-136.77564741  -35.36095375  410.90381191]
[248.27772522 225.93630981], [289.11178589 256.15200806], [-137.7126969   -35.023213    414.05068962]
[248.27772522 225.93630981], [289.11178589 256.15200806], [-137.7126969   -35.023213    414.05068962]
[250.26301575 418.19091797], [285.42437744  63.95595169], [-132.3479045   -34.41176268  400.65454993]
[250.56367493 334.4151001 ], [286.59735107 147.26931763], [-130.62115455  -33.71735752  397.86924363]
[252.47459412 194.86451721], [285.32070923 286.87594604], [-133.39120822  -34.28951393  402.70510565]
[252.53486633  81.18202972], [279.74136353 400.07150269], [-143.76861536  -37.01731523  420.12697995]
[252.7401123  384.97338867], [283.42370605  97.21755981], [-127.55284925  -33.20534312  389.60250207]
[253.24925232 408.59146118], [282.92651367  73.501297  ], [-127.67638474  -33.39166346  389.5484961 ]
[254.57498169 366.73580933], [282.34759521 114.59082031], [-124.91622577  -32.71217393  383.57649909]
[254.78507996 229.56488037], [283.16555786 252.77540588], [-127.57525367  -32.93433752  389.47666964]
[255.18186951 229.38993835], [283.16555786 252.77540588], [-127.23677347  -32.90382407  388.78950141]
[256.38278198 429.86309814], [277.95584106  52.1614151 ], [-123.11994902  -32.54020206  377.2803805 ]
[256.38278198 429.86309814], [277.95584106  52.1614151 ], [-123.11994902  -32.54020206  377.2803805 ]
[258.0887146  378.76986694], [277.87039185 103.20529175], [-119.78482918  -31.58452664  370.49421856]
[258.36932373 403.87857056], [277.22702026  77.98555756], [-119.98049697  -31.76919089  370.51478401]
[258.85882568 427.29730225], [275.87643433  54.97551727], [-119.84483995  -31.8129554   369.45126571]
[259.8979187  247.38528442], [277.73681641 234.90281677], [-119.345875    -31.23180467  369.52078019]
[259.99169922 392.3203125 ], [275.5954895   89.49037933], [-117.4643442   -31.18477263  364.4992154 ]
[261.35470581 180.80635071], [276.26754761 301.21731567], [-121.22374815  -31.81546414  372.44280135]
[263.41891479 442.58267212], [271.29544067  40.064991  ], [-114.73993271  -30.80297074  356.60287085]
[265.97653198  78.22345734], [267.34329224 403.13217163], [-123.23906307  -32.85757142  371.25709007]
[267.95611572 189.00363159], [270.31634521 292.90466309], [-112.44066033  -30.02917313  351.46198024]
[268.15466309 337.27355957], [269.97116089 144.07406616], [-107.97143037  -29.12493587  342.3751367 ]
[269.09310913 141.13574219], [272.03588867 343.55099487], [-116.19559859  -30.75463548  359.91233784]
[269.68301392  69.92031097], [264.04431152 411.49417114], [-119.45138635  -32.1649065   361.88184202]
[269.7661438  252.11830139], [268.98825073 230.19442749], [-107.60581174  -28.86493987  341.11373938]
[273.27041626 193.61146545], [266.37872314 288.38406372], [-106.58919775  -28.84954575  337.71867272]
[274.55386353 445.87042236], [259.93908691  36.30631256], [-102.19651739  -28.24531009  325.76316454]
[278.92034912 345.20578003], [258.64651489 136.96046448], [-96.59125224 -26.68303693 314.1382531 ]
[279.05209351 286.63110352], [259.57849121 196.24700928], [-97.08866995 -26.64079463 315.55814687]
[279.82995605 339.21203613], [257.91418457 142.98117065], [-95.76451545 -26.49897011 312.16897813]
[281.14242554 328.33630371], [256.92700195 153.78753662], [-94.63391192 -26.2588903  309.4904501 ]
[281.82949829 266.18008423], [257.17086792 215.34385681], [-94.93844017 -26.36674604 310.20201208]
[282.20516968 183.57362366], [257.27920532 298.4979248 ], [-97.66776068 -27.05244592 315.58277736]
[284.64227295 329.01208496], [253.4132843  153.16365051], [-91.47468902 -25.60438962 301.70170845]
[287.43399048 195.68148804], [251.92689514 286.45349121], [-92.14549149 -25.87223326 302.32010571]
[287.62756348 385.00009155], [250.06533813  97.10654449], [-89.31245778 -25.31815625 296.00154499]
[288.26998901 360.15768433], [249.73686218 122.1764679 ], [-88.52517076 -25.05327185 294.3316973 ]
[292.56411743 180.01074219], [247.57920837 301.93954468], [-88.59565657 -25.24626118 293.5117428 ]
[293.1022644  331.30114746], [244.67054749 151.09329224], [-84.38877893 -24.12207385 284.1675542 ]
[294.72225952 237.00115967], [243.82826233 245.79786682], [-84.41833549 -24.10403058 283.86220155]
[296.05618286 182.90592957], [244.02255249 298.78683472], [-85.55710452 -24.63965933 286.1335602 ]
[300.30761719 122.81910706], [240.05393982 359.15393066], [-85.19706771 -24.85077544 283.76121927]
[302.15911865 213.81614685], [238.64982605 267.86032104], [-80.02841473 -23.42853213 273.35652069]
[302.42169189 332.04772949], [235.67175293 150.30476379], [-77.64538359 -22.74993441 267.6435801 ]
[304.34066772 404.02401733], [230.66360474  78.66083527], [-76.31288222 -22.571252   263.17602298]
[304.61230469 343.54144287], [234.13365173 138.71905518], [-76.35442695 -22.52758915 264.60565404]
[305.25695801 232.45826721], [233.68742371 250.25378418], [-76.89580551 -22.60213314 265.4467003 ]
[306.77145386 393.18731689], [229.71842957  88.77553558], [-74.88638329 -22.3372875  260.14575293]
[310.47741699 197.02661133], [227.27323914 285.48690796], [-74.0039252  -22.10038    257.56542173]
[311.34777832 217.00175476], [228.20091248 265.37493896], [-73.34131909 -21.96005012 256.68073049]
[314.6902771 391.1569519], [221.32945251  91.30218506], [-69.822837   -21.22307337 247.62103749]
[318.17791748 354.79351807], [219.76515198 127.7778244 ], [-67.82997799 -20.74757887 243.38648834]
[319.89224243 292.95770264], [219.08770752 189.44120789], [-67.03813182 -20.56351639 241.68987963]
[321.89294434 416.79855347], [213.42919922  65.56890869], [-65.99373102 -20.51129979 237.82782893]
[325.46337891 402.4949646 ], [209.99830627  80.40409088], [-63.8763791  -19.9774806  232.81408963]
[326.17816162 360.42095947], [209.75048828 122.33083344], [-63.14596535 -19.73969271 231.40241636]
[326.49899292 409.71447754], [208.96537781  73.40866852], [-63.44318506 -19.89252453 231.68617489]
[326.49899292 409.71447754], [208.96537781  73.40866852], [-63.44318506 -19.89252453 231.68617489]
[326.53710938 397.5730896 ], [209.20126343  84.96012115], [-63.302981   -19.8799799  231.51088837]
[326.60852051 456.01696777], [208.96012878  27.00004959], [-64.32148151 -20.27906646 233.28576109]
[328.29498291  68.42515564], [213.04492188 413.30072021], [-68.88801889 -21.9430832  243.01047008]
[329.42297363 401.04776001], [206.28910828  81.56105804], [-61.87517723 -19.58778834 227.97568543]
[332.4133606  419.61645508], [203.27200317  63.42289734], [-60.6634744  -19.36155445 224.82623652]
[334.95217896 458.0020752 ], [198.62571716  24.98250008], [-59.82511507 -19.31004819 221.86760501]
[335.50286865 348.19720459], [202.26002502 135.95111084], [-58.79048577 -18.74624527 221.13298701]
[336.12414551 372.61901855], [200.49845886 109.5920639 ], [-58.48422688 -18.8621238  220.04521706]
[336.12414551 372.61901855], [200.49845886 109.5920639 ], [-58.48422688 -18.8621238  220.04521706]
[336.46707153 390.12850952], [199.42666626  92.06897736], [-58.37742615 -18.86920167 219.52413358]
[337.3520813 448.7281189], [198.17585754  34.26446533], [-58.80490585 -19.08969077 219.90751165]
[338.62664795 370.10281372], [197.61230469 112.4524231 ], [-57.25367215 -18.56855701 216.95934146]
[339.2194519  265.37698364], [197.91975403 217.45883179], [-57.12383125 -18.49029769 216.81851821]
[339.2194519  265.37698364], [197.91975403 217.45883179], [-57.12383125 -18.49029769 216.81851821]
[339.34231567 391.5       ], [196.53463745  91.07691956], [-57.07200805 -18.57170284 216.31072187]
[339.61920166 125.10066986], [202.84893799 357.79125977], [-60.47347698 -19.74571974 224.37009792]
[339.80709839 196.40240479], [197.1121521  285.83895874], [-57.71052485 -18.80358729 217.62702984]
[340.89700317 216.65162659], [196.89230347 266.31948853], [-57.00755961 -18.56025002 216.30381416]
[340.89700317 216.65162659], [196.89230347 266.31948853], [-57.00755961 -18.56025002 216.30381416]
[342.01455688  59.89374924], [199.77549744 422.01705933], [-61.65237523 -20.51382816 225.53242846]
[343.13131714 409.07623291], [192.69261169  73.74948883], [-55.59173861 -18.29362864 212.53529897]
[344.33227539 304.80761719], [195.42558289 176.13343811], [-55.06328884 -18.24249281 212.41154595]
[344.41152954 260.48016357], [192.88374329 222.32192993], [-54.88272726 -18.04730777 211.33165025]
[346.16577148 437.93591309], [189.92289734  44.69652939], [-54.74886693 -18.23584289 210.23928898]
[347.29278564 380.42721558], [188.83642578 102.39146423], [-53.56119663 -17.8064236  207.82381264]
[347.41241455 411.36474609], [188.40701294  70.91898346], [-53.79864277 -17.97024864 208.12380998]
[347.41241455 411.36474609], [188.40701294  70.91898346], [-53.79864277 -17.97024864 208.12380998]
[351.23471069 322.76638794], [185.3543396  159.99278259], [-51.7547166  -17.37544017 203.66094672]
[351.31732178 265.88317871], [186.49746704 217.23072815], [-52.03064308 -17.44816198 204.46654782]
[351.93551636 406.0149231 ], [183.82400513  76.40383148], [-51.87971936 -17.54489994 203.45853945]
[352.76702881 398.06460571], [183.21282959  84.48989868], [-51.49097951 -17.43697383 202.60785121]
[353.1663208  246.54533386], [184.67974854 237.037323  ], [-51.43596532 -17.32297774 202.91473121]
[353.64529419 425.66046143], [182.98640442  57.40961838], [-51.55459303 -17.50175922 202.65854259]
[354.07437134 259.52276611], [183.29916382 223.18656921], [-50.91723592 -17.25296499 201.62662964]
[355.55325317 188.5406189 ], [183.05015564 293.00460815], [-51.27668461 -17.60689257 202.19926779]
[357.84347534 335.37905884], [178.55615234 146.60745239], [-49.20310525 -16.91408736 197.35110805]
[358.49694824 338.987854  ], [177.89959717 143.8085022 ], [-48.96587868 -16.80991159 196.76065355]
[359.31225586 255.36442566], [178.14305115 226.9617157 ], [-48.94507055 -16.88801069 196.79404321]
[360.58789062 382.91625977], [175.48184204 100.42976379], [-48.38818608 -16.70666484 195.11824052]
[360.76672363 333.12860107], [176.02058411 148.5627594 ], [-48.16440647 -16.72699523 194.87819931]
[362.17572021 451.02453613], [173.44441223  32.0124855 ], [-48.5516507  -16.94960224 194.8724742 ]
[363.05871582 260.00305176], [174.27160645 222.89215088], [-47.52392339 -16.55083576 193.30978791]
[363.33898926 330.11474609], [174.26365662 152.63066101], [-47.31884382 -16.49085824 192.9536814 ]
[364.00961304 223.67166138], [173.96879578 259.5435791 ], [-47.5349742  -16.6130711  193.25253965]
[364.17855835 336.8274231 ], [172.52993774 145.93151855], [-46.93660884 -16.40132261 191.84373963]
[364.62768555 393.4491272 ], [171.78829956  89.72280121], [-47.0614036  -16.47301303 191.86837327]
[364.67086792 186.06929016], [173.28552246 296.71343994], [-47.73959082 -16.79902168 193.43345264]
[364.86447144 265.35653687], [172.67268372 217.48373413], [-46.87148803 -16.41849787 191.77023607]
[364.87527466 416.32467651], [171.09931946  66.56118774], [-47.15378493 -16.5617342  191.85224853]
[365.55078125 406.16690063], [170.81350708  76.88531494], [-46.84940342 -16.46636985 191.2545813 ]
[365.65206909 387.53427124], [171.0703125  95.4987793], [-46.68590141 -16.39798464 191.03851892]
[365.71578979 335.11849976], [171.72402954 147.23907471], [-46.47344501 -16.34514826 190.84192065]
[365.77682495 426.9230957 ], [170.70700073  55.42667007], [-47.01901955 -16.61069927 191.52392728]
[366.67642212  96.00473022], [174.98931885 386.04763794], [-49.20290759 -17.66997648 196.43462173]
[368.54782104 315.44595337], [167.57778931 167.72441101], [-45.3301665  -16.02910127 187.82321961]
[369.24899292 198.41964722], [169.80357361 284.33544922], [-46.05396425 -16.43572    189.63907791]
[369.33999634 343.0607605 ], [167.40460205 140.01780701], [-45.1757876  -16.02445468 187.51771669]
[371.31500244  95.1000824 ], [170.36482239 386.8321228 ], [-47.45322242 -17.32584654 192.21241305]
[374.10430908 444.37078857], [162.77593994  38.72992706], [-44.43139412 -16.07935629 185.1094196 ]
[374.68603516 400.81185913], [161.90504456  82.20755005], [-43.73790955 -15.81618058 183.71366523]
[375.45333862 389.51651001], [161.30729675  93.24137878], [-43.41677399 -15.74708069 183.02404921]
[376.02920532 321.45858765], [161.13526917 161.54705811], [-42.98000043 -15.57867575 182.23883643]
[376.13775635 404.83831787], [160.58319092  78.24067688], [-43.31760256 -15.73619578 182.68076007]
[377.10928345 396.68225098], [159.99281311  85.80918121], [-42.97760297 -15.69350124 181.9649047 ]
[377.40145874 394.92166138], [157.24491882  96.01721191], [-42.59743567 -15.01232764 180.62862553]
[379.55221558 402.59484863], [157.42921448  80.39339447], [-42.24420737 -15.51922196 180.11190951]
[380.45019531 405.94082642], [156.3547821   76.95223999], [-41.97853021 -15.47529374 179.41037388]
[380.59286499 409.07626343], [156.10792542  73.93685913], [-41.95200837 -15.46741747 179.30717019]
[386.07888794 439.45483398], [150.59280396  43.42305374], [-40.59538643 -15.27432992 175.75368331]
[386.47659302 410.66110229], [150.60609436  72.14412689], [-40.22618797 -15.1326887  175.1375544 ]
[387.34936523 445.22344971], [148.56848145  38.04904175], [-40.2180124  -15.17645143 174.65997514]
[389.12225342  48.96968079], [153.67021179 433.94348145], [-42.43961239 -16.58915842 179.60462211]
[389.40100098  53.91194916], [153.50186157 428.03213501], [-42.22683001 -16.56990932 179.21027271]
[389.68588257 439.71826172], [146.03666687  43.64731598], [-39.45836684 -14.99279706 172.82377445]
[390.12060547 433.28363037], [145.44114685  49.38748169], [-39.25596162 -14.9746649  172.35622346]
[390.64657593 159.43460083], [151.06323242 323.86450195], [-39.83126501 -15.3327845  174.59921529]
[390.64657593 159.43460083], [151.06323242 323.86450195], [-39.83126501 -15.3327845  174.59921529]
[390.78421021 137.8901062 ], [150.87245178 345.21749878], [-40.07213725 -15.49465024 174.96356105]
[391.25582886 452.86044312], [144.36532593  30.29937935], [-39.1505653  -14.98073317 171.94258294]
[391.54699707 106.01365662], [150.39880371 377.59240723], [-40.37359889 -15.70651446 175.36575542]
[391.70983887 402.96255493], [145.12095642  80.06606293], [-38.63484014 -14.76909347 171.25228643]
[394.45458984 457.168396  ], [141.15921021  26.03700066], [-38.29787322 -14.8133778  169.8263587 ]
[394.45458984 457.168396  ], [141.15921021  26.03700066], [-38.29787322 -14.8133778  169.8263587 ]
[397.09686279 126.6247406 ], [144.77851868 355.54248047], [-38.37078114 -15.26880599 170.77093261]
[397.76620483 125.5181427 ], [144.10389709 356.59512329], [-38.1916656  -15.24144867 170.3260102 ]
[399.85519409 389.43148804], [137.42803955  93.44179535], [-36.36001205 -14.29165034 165.83046799]
[399.85519409 389.43148804], [137.42803955  93.44179535], [-36.36001205 -14.29165034 165.83046799]
[400.36502075 261.44122314], [139.82714844 221.44534302], [-36.23118125 -14.30503363 166.134539  ]
[402.09155273 393.33248901], [135.2147522   89.93247223], [-35.80038805 -14.15911152 164.44494759]
[403.99462891 443.55514526], [130.48500061  39.50263214], [-35.51517873 -14.18502321 162.99545869]
[413.82073975 457.84753418], [121.76396942  25.6206913 ], [-33.29019158 -13.75239191 157.63717412]
[421.462677   248.49661255], [119.18954468 234.94256592], [-31.11788463 -13.26887579 153.65472016]
[421.65023804 431.00152588], [114.34597015  52.22795868], [-31.26230741 -13.27953207 152.95482262]
[424.73999023 349.34368896], [114.70463562 134.14155579], [-30.34606641 -13.0134825  151.56342112]
[427.44818115 418.86077881], [108.69704437  64.51443481], [-29.90875332 -12.96794366 149.74982871]
[427.86224365 457.70117188], [107.96392822  25.87433052], [-30.09808786 -13.08284089 149.91684465]
[428.01217651 469.06018066], [107.78544617  14.90868568], [-30.16526554 -13.10731613 149.99009802]
[432.76498413 419.75311279], [103.9624939   63.37983322], [-28.8222451  -12.76545991 147.17735746]
[433.40722656 141.12173462], [108.80749512 342.47424316], [-29.09375994 -13.23665169 148.51322094]
[436.84155273 119.22763062], [105.53281403 363.90237427], [-28.52820738 -13.26082936 147.03572179]
[440.98287964 411.97009277], [96.05736542 71.59764862], [-27.13137585 -12.38344421 143.13718296]
[442.29031372 136.63237   ], [ 99.79740906 347.10726929], [-27.23749233 -12.87484128 143.98679115]
[444.24856567 411.83776855], [93.04568481 71.51940918], [-26.50934146 -12.26905872 141.65503693]
[445.79553223 455.57565308], [90.11177063 28.31679916], [-26.42677601 -12.29669729 141.02881313]
[448.35012817 124.97090912], [ 92.69612885 359.40249634], [-26.04465535 -12.64860186 140.90849868]
[448.35012817 124.97090912], [ 92.69612885 359.40249634], [-26.04465535 -12.64860186 140.90849868]
[449.11001587 344.2805481 ], [ 91.90991974 141.28100586], [-25.48639056 -11.93548149 139.87518827]
[449.40216064 469.16177368], [86.82770538 14.61822701], [-25.85877146 -12.2235036  139.60456205]
[449.84973145 417.86889648], [86.97875977 64.63415527], [-25.46836033 -12.10242777 139.02939877]
[453.06439209 423.43002319], [84.03183746 60.41025543], [-24.91668808 -11.93272548 137.69265321]
[456.02920532 461.35253906], [79.6961441  22.48426247], [-24.56164715 -11.92399907 136.44646551]
[456.02920532 461.35253906], [79.6961441  22.48426247], [-24.56164715 -11.92399907 136.44646551]
[457.16525269 137.92366028], [ 83.11777496 345.62670898], [-24.2512318  -12.25383871 136.55790052]
[457.57165527 471.30181885], [78.21434784 12.50662136], [-24.35869089 -11.90960195 135.90035625]
[458.33175659 141.95466614], [ 81.62825775 341.45074463], [-24.00414685 -12.18796517 135.93826728]
[462.20776367 217.0292511 ], [ 76.77126312 266.66860962], [-23.03749918 -11.68691762 133.67314407]
[462.76385498 340.33987427], [ 75.00257874 144.09916687], [-22.92841733 -11.43812637 133.21350877]
[464.35873413 279.13342285], [ 73.77793884 204.7038269 ], [-22.5962529  -11.45071322 132.52580457]
[464.60159302 266.48696899], [ 73.50254822 217.21235657], [-22.552919   -11.46796917 132.41920384]
[465.27508545 368.36953735], [ 72.9511795  112.94102478], [-22.60628361 -11.53342648 132.41737103]
[467.45993042  31.82021523], [ 73.81128693 451.15713501], [-23.08982048 -12.72810838 133.35381229]
[467.52758789 367.29653931], [ 69.4783783  116.60080719], [-22.18072207 -11.30880125 131.22944027]
[467.52758789 367.29653931], [ 69.4783783  116.60080719], [-22.18072207 -11.30880125 131.22944027]
[468.2505188  357.52294922], [ 68.93228149 126.17641449], [-22.04044158 -11.28841121 130.93583171]
[469.91497803 284.71069336], [ 67.96977997 199.08288574], [-21.67264802 -11.25688733 130.24096367]
[470.13772583 359.46008301], [ 66.84712219 123.61089325], [-21.73386942 -11.25415601 130.16013616]
[471.42483521 304.35986328], [ 66.52407074 179.54621887], [-21.44855339 -11.18540362 129.6842552 ]
[471.43078613 375.00631714], [ 65.3961792  109.14918518], [-21.56509127 -11.17341043 129.68439919]
[471.95376587 328.19448853], [ 65.82682037 155.39550781], [-21.39519582 -11.17190685 129.4987675 ]
[473.10702515 451.11001587], [63.17351532 33.12559128], [-21.61264284 -11.2749143  129.42508704]
[474.49102783 473.53540039], [61.39484024 10.620965  ], [-21.51026546 -11.3053182  129.0088002 ]
[474.73742676 262.80453491], [ 63.68994904 221.11677551], [-20.91076358 -11.13844835 128.45981106]
[476.3598938  204.66604614], [ 62.49336243 279.09945679], [-20.70690526 -11.25279825 127.98874697]
[476.48672485 201.55471802], [ 61.90234375 282.57287598], [-20.67613662 -11.23507436 127.85420821]
[476.99539185 297.80020142], [ 60.77555847 185.74090576], [-20.5570214  -11.02742763 127.49775322]
[477.71664429 335.2361145 ], [ 59.26102829 148.82943726], [-20.4779897  -10.95384217 127.15275358]
[477.83892822 325.94387817], [ 59.72757339 157.97157288], [-20.45994134 -10.96684013 127.19611264]
[484.17697144 285.74563599], [ 52.6863327  198.93487549], [-19.42562644 -10.75453477 124.6471679 ]
