-1.633051417568592001e+01 -2.815954856028702213e+00 3.397302590837102088e+01
-1.687340387500559302e+01 -2.981514950392247787e+00 3.515352502396120826e+01
-1.714157199845780610e+01 -2.985715752238765841e+00 3.597266861678288308e+01
-1.864808121847711675e+01 -3.295912427645265819e+00 3.968042084597131947e+01
-1.924329704833231247e+01 -3.425573545090156991e+00 4.114228647001175432e+01
-1.881380012873383833e+01 -3.309372347122754299e+00 3.995577467587139608e+01
-1.953165982268108181e+01 -3.505002205048151520e+00 4.186447297851000116e+01
-1.880408274877258279e+01 -3.288370072983232806e+00 3.983583910369581815e+01
-1.976968020387860747e+01 -3.541042523747767845e+00 4.246091238448715188e+01
-1.977947249325512047e+01 -3.541874765183356644e+00 4.247993612322238732e+01
-1.977701599919025810e+01 -3.531512414296881897e+00 4.245967625588196626e+01
-1.977701599919025810e+01 -3.531512414296881897e+00 4.245967625588196626e+01
-1.941322495543253623e+01 -3.420349298317264086e+00 4.138562482319880331e+01
-1.977271762675774269e+01 -3.485665595482074774e+00 4.223699021869328618e+01
-2.008367527424989873e+01 -3.571683296331664703e+00 4.304823098524962433e+01
-2.114787214471581933e+01 -3.813800747860879081e+00 4.584277359361118442e+01
-1.876336020519477543e+01 -3.257366316679718210e+00 3.764880262455543658e+01
-2.252365184433146084e+01 -4.071134896433560080e+00 4.917822949269663013e+01
-2.312584037708829499e+01 -4.247643542600759048e+00 5.068371298993240970e+01
-1.984520670410993759e+01 -3.490968957361221925e+00 4.012800296316014226e+01
-2.461138922520192551e+01 -4.547101213319897361e+00 5.438768931960598962e+01
-2.464104011085276724e+01 -4.540408482740672547e+00 5.447110568858990831e+01
-2.118225250347533262e+01 -3.739512738801006986e+00 4.357090220782254875e+01
-2.619083936496682696e+01 -4.911390765139441505e+00 5.797257147685279222e+01
-2.602394368271300351e+01 -4.808592109313924112e+00 5.779652797595382197e+01
-2.676342235624298738e+01 -5.000302158034465982e+00 5.962520476261587277e+01
-2.697020187248439171e+01 -5.105616323303589610e+00 5.990340226854859651e+01
-2.753671026937906063e+01 -5.159805570394414787e+00 6.151090295114855167e+01
-2.733255829660209812e+01 -5.063676222949927030e+00 6.105014989539670722e+01
-2.810026013695859248e+01 -5.283358308128897285e+00 6.290233917756009419e+01
-3.003442106819834834e+01 -5.648488826824648257e+00 6.768768189839759941e+01
-3.031859840957124064e+01 -5.780688862792878524e+00 6.831590856634097975e+01
-3.048451639409411484e+01 -5.754907734656350193e+00 6.878929667118470093e+01
-3.003060279317075043e+01 -5.613873798365993650e+00 6.763733816926190912e+01
-3.076297787634019087e+01 -5.771718614825705806e+00 6.941008554369783212e+01
-3.076297787634019087e+01 -5.771718614825705806e+00 6.941008554369783212e+01
-3.401161600832421072e+01 -6.459236250475409946e+00 7.748539177224598973e+01
-3.943979611811823816e+01 -7.616856186284605812e+00 9.083591364728114570e+01
-3.112814012592723145e+01 -5.791694539138255493e+00 6.701537795294723310e+01
-4.311609291122380228e+01 -8.431801309861354454e+00 9.978819123258764989e+01
-4.848223470367119603e+01 -9.596690275075440368e+00 1.122767022951701392e+02
-4.873766894870568223e+01 -9.453727190312454454e+00 1.137583031753364082e+02
-5.250121715966115943e+01 -1.030445156548160668e+01 1.231135054488999714e+02
-7.301135879483710767e+01 -1.452495298386085132e+01 1.740051973263891796e+02
-8.945399450897356530e+01 -1.811038057578300453e+01 2.138496283060205769e+02
-2.504682439154570659e+02 -5.212281730520383149e+01 6.068184937420196547e+02
-2.962259928951638699e+02 -6.056423092079907633e+01 7.241602993607926919e+02
-7.852297409139879392e+01 -1.576821242578750848e+01 1.787493596288571780e+02
3.003211971646708776e+02 6.405584235844253271e+01 -7.407406637761846468e+02
2.146067910435458259e+02 4.509232641514240214e+01 -5.343890469702960218e+02
2.778103652561133003e+02 5.777127922233035662e+01 -6.908223802702548255e+02
1.147869598736339753e+02 2.416183935957121065e+01 -2.892794684633574320e+02
1.006039328004849693e+02 2.153242095634322339e+01 -2.537242871264753887e+02
6.965397907081022311e+01 1.506751388169033667e+01 -1.775381684702383325e+02
6.528922412198529912e+01 1.407666806209202370e+01 -1.669563985840209455e+02
6.528922412198529912e+01 1.407666806209202370e+01 -1.669563985840209455e+02
5.740114033260636006e+01 1.244559698289832816e+01 -1.475990773090807124e+02
5.279012806964033899e+01 1.152469181701498790e+01 -1.361326242947841365e+02
4.722214517551346802e+01 1.042108875459982009e+01 -1.224140329086632590e+02
4.300354159923264064e+01 9.367720431760076849e+00 -1.123898512622907333e+02
3.535649457076274160e+01 7.927369785974618388e+00 -9.323129798998536444e+01
3.043857773004706146e+01 6.885649403245187372e+00 -8.135062677952201682e+01
4.790162589981204633e+01 1.048533694855520260e+01 -1.213377649106428890e+02
2.720804995136155569e+01 6.192212630496909398e+00 -7.338620334697382930e+01
2.662405800027350011e+01 6.185828462099148162e+00 -7.152099209082211928e+01
2.646928695178049651e+01 6.012482689746522446e+00 -7.155367480554940585e+01
3.421947600079329987e+01 7.800671367363056774e+00 -8.689401236409212004e+01
2.647586704105605193e+01 6.014835213372111689e+00 -7.001737655178524733e+01
2.137822045069160382e+01 5.007403378632929503e+00 -5.893013836119435922e+01
2.277692904742900382e+01 5.271110118789791521e+00 -6.204813450978647182e+01
2.043512793816399409e+01 4.761936988451741293e+00 -5.657716443367510095e+01
2.001887792591415050e+01 4.748392456984134036e+00 -5.576855799498125066e+01
1.973030638046481400e+01 4.619548299578639217e+00 -5.494474032782695616e+01
1.818412662792803758e+01 4.351917762251752642e+00 -5.115550301407443357e+01
1.811755959099173197e+01 4.319222808419604043e+00 -5.096588250897396932e+01
1.839347429771294529e+01 4.357859701540366615e+00 -5.127260052672625079e+01
1.672612197412199464e+01 4.002494331759335999e+00 -4.756259103363851892e+01
1.658041847115407208e+01 3.978034343139850826e+00 -4.721163603855363533e+01
1.708009566490792608e+01 4.084109422174936554e+00 -4.809814730606512256e+01
1.606644728591484039e+01 3.878399496994603179e+00 -4.592562713947025088e+01
1.666421857330093559e+01 3.997221208394012404e+00 -4.711667186559655818e+01
1.836346738065505946e+01 4.405473286060035853e+00 -5.024821088427646032e+01
1.548803110868044541e+01 3.786075669690504242e+00 -4.437790375471517024e+01
1.548803110868044541e+01 3.786075669690504242e+00 -4.437790375471517024e+01
1.536522645517816343e+01 3.754830807112289559e+00 -4.415462786939190920e+01
1.532249602737411287e+01 3.725951459758956030e+00 -4.408080875357143213e+01
1.840687773864353360e+01 4.441883877622027299e+00 -5.018836943179334753e+01
1.614560804104934988e+01 3.905408402908465693e+00 -4.574738168643817460e+01
1.705344842803350147e+01 4.119794699588593012e+00 -4.716884279199692998e+01
1.479144387216242684e+01 3.615115207533664776e+00 -4.279838308287272497e+01
1.460414477322403393e+01 3.566817309089193255e+00 -4.232237697170052826e+01
1.445986498135615328e+01 3.578712066720903806e+00 -4.180933253731800647e+01
1.503505660490509044e+01 3.663178955238609813e+00 -4.316455607938737415e+01
1.490370745976855105e+01 3.626174913905626962e+00 -4.286562479810442738e+01
1.495339927336326014e+01 3.640963584142664633e+00 -4.294994218487302362e+01
1.527854990609711905e+01 3.726991396955087410e+00 -4.363740060588646230e+01
1.527854990609711905e+01 3.726991396955087410e+00 -4.363740060588646230e+01
1.377831235433117030e+01 3.413913594475681546e+00 -4.023276642377567924e+01
1.377831235433117030e+01 3.413913594475681546e+00 -4.023276642377567924e+01
1.378368907838219215e+01 3.397449729023476195e+00 -4.030840067317886621e+01
1.350702076426641796e+01 3.339893787158336291e+00 -3.962594313920703826e+01
1.480131223989439881e+01 3.629402203035820396e+00 -4.248186177930772800e+01
1.557896028593966697e+01 3.831728893306988404e+00 -4.355241024356854496e+01
1.364476408233650417e+01 3.367965623413136989e+00 -3.980262011203241457e+01
1.352165227000270598e+01 3.341095261830947294e+00 -3.950686317028129935e+01
1.296317256537668250e+01 3.222431639647971746e+00 -3.820536140597307906e+01
1.289686176571755460e+01 3.255701614080743322e+00 -3.798656846421250322e+01
1.356444297433285939e+01 3.364484859807114425e+00 -3.947485582640147328e+01
1.279618654406479372e+01 3.188331776183481292e+00 -3.779849166695422014e+01
1.260786767120013607e+01 3.207519812038784668e+00 -3.716578582499899852e+01
1.305424614204559042e+01 3.263727731861150172e+00 -3.824481966433906877e+01
1.256778187416352921e+01 3.145351124215652661e+00 -3.717528236499462224e+01
1.230854660251013399e+01 3.089178192355000796e+00 -3.658721999794553881e+01
1.401682327940962836e+01 3.528484207704630116e+00 -3.977128658357199953e+01
1.245322734378884988e+01 3.128413326695445473e+00 -3.687964942811302649e+01
1.212190264867097689e+01 3.042634359556085855e+00 -3.610700693233076208e+01
1.350236467785018668e+01 3.402042014296714267e+00 -3.863336678257348922e+01
1.168295042822737528e+01 2.982700020290986576e+00 -3.508741416700821958e+01
1.172501757342979012e+01 3.010400743486267405e+00 -3.509920621394742568e+01
1.161909443373538231e+01 2.986872416438948186e+00 -3.486055764709256977e+01
1.161909443373538231e+01 2.986872416438948186e+00 -3.486055764709256977e+01
1.222974110510611467e+01 3.082164416944459084e+00 -3.614634826718443605e+01
1.156315601564172546e+01 2.935499885670342923e+00 -3.477401608168199942e+01
1.209477744203494431e+01 3.071508825052424285e+00 -3.588843437619431143e+01
1.209477744203494431e+01 3.071508825052424285e+00 -3.588843437619431143e+01
1.185818233183358039e+01 3.012716104830114539e+00 -3.534366608949620314e+01
1.185818233183358039e+01 3.012716104830114539e+00 -3.534366608949620314e+01
1.139405685693444426e+01 2.945916373930079768e+00 -3.423238260246507281e+01
1.145512329862135026e+01 2.914280938840053459e+00 -3.445283073478320546e+01
1.145512329862135026e+01 2.914280938840053459e+00 -3.445283073478320546e+01
1.102630077950885656e+01 2.867076610707009809e+00 -3.338126632572958385e+01
1.088406764770841484e+01 2.809564831758630365e+00 -3.315323323003315181e+01
1.108540789970590978e+01 2.851145958077163645e+00 -3.348403290600606397e+01
1.188867666301676707e+01 3.065650819989551135e+00 -3.479051552430664174e+01
1.062907405333427846e+01 2.767042478243730841e+00 -3.246606254781210765e+01
1.063796145229438039e+01 2.782270900244729450e+00 -3.245810187180633477e+01
1.040968521573983629e+01 2.726014438170706544e+00 -3.196470760339256145e+01
1.061254435815226138e+01 2.740660340021793040e+00 -3.241038491629664264e+01
1.058435212095180233e+01 2.738115849743302022e+00 -3.235313964673131437e+01
1.025614925015963408e+01 2.710865488452377736e+00 -3.143060132610233737e+01
1.025614925015963408e+01 2.710865488452377736e+00 -3.143060132610233737e+01
9.981927757083001396e+00 2.632014129376289535e+00 -3.087417025821063277e+01
9.997057739212817040e+00 2.647153685117878741e+00 -3.087299427439938881e+01
9.983612111283557411e+00 2.650344917532629907e+00 -3.077912363809030794e+01
9.932075400294865020e+00 2.599874509112968468e+00 -3.076041283569450968e+01
9.788074054302969174e+00 2.598599758227817080e+00 -3.037340648603758453e+01
1.006866901837474337e+01 2.644395106224192826e+00 -3.095553212346716165e+01
9.556429467399789601e+00 2.565798907164018594e+00 -2.970408994083676291e+01
1.018645291711610490e+01 2.720719886551600908e+00 -3.073854211417780391e+01
9.341394224449823369e+00 2.496484865898232375e+00 -2.921838605288238000e+01
8.996899671859736713e+00 2.426926624319011516e+00 -2.852948574273904825e+01
9.634396275405030963e+00 2.552885671064501150e+00 -2.987436806378785548e+01
9.867723078720826990e+00 2.662314158189533764e+00 -2.995020296505483515e+01
8.955733064004801847e+00 2.403040754059248219e+00 -2.839803626191049446e+01
8.856327974611332365e+00 2.398701431927933392e+00 -2.807925305167820085e+01
8.511102120603842636e+00 2.352645433147138032e+00 -2.713402047435377540e+01
8.048913636536864757e+00 2.223511242921262010e+00 -2.617730656194138561e+01
8.085557476962618395e+00 2.218990938399946877e+00 -2.628377780660861163e+01
7.979790944623105453e+00 2.208124485850945007e+00 -2.601263800944724025e+01
7.885023029817784135e+00 2.188002226657622007e+00 -2.578806799749153811e+01
7.903621701421098322e+00 2.195572559826090231e+00 -2.583066681711592949e+01
8.111522261995714800e+00 2.248651259811198955e+00 -2.623139145097279723e+01
7.621821783719527232e+00 2.133474470168083226e+00 -2.513917255912934579e+01
7.655900766648362499e+00 2.151247245205613723e+00 -2.513727820099078158e+01
7.442438245965105281e+00 2.109789713256980725e+00 -2.466613877078925299e+01
7.377069013214062387e+00 2.087766620736559275e+00 -2.452757104683385947e+01
7.356379098231240476e+00 2.098293988872628191e+00 -2.439426481151733128e+01
7.031508225640168419e+00 2.009985494566758124e+00 -2.367843550601047653e+01
7.022554450561374395e+00 2.006105072400421907e+00 -2.362494986873545244e+01
7.104675428586975094e+00 2.048048791088509457e+00 -2.378309470980208573e+01
7.054853394115680132e+00 2.061457659544107646e+00 -2.353788862987891761e+01
6.652616042121860751e+00 1.948928328741068805e+00 -2.273937928178811774e+01
6.469649829016126397e+00 1.895659188570938403e+00 -2.230166244289215527e+01
6.358442866718776898e+00 1.880731977252080300e+00 -2.192896995923043235e+01
6.362523894893163501e+00 1.877225990372688891e+00 -2.204962013240985641e+01
6.395639186743740545e+00 1.880929597783292495e+00 -2.209024158074750233e+01
6.240034819397001442e+00 1.861334269752761728e+00 -2.167759069897951818e+01
6.147659215677937716e+00 1.837651990162372462e+00 -2.141653229224295885e+01
6.096904138696537245e+00 1.826883395992608738e+00 -2.135357269059468877e+01
5.818168321252536579e+00 1.768503608935610538e+00 -2.063410023793911208e+01
5.652418156495387258e+00 1.728947881165310729e+00 -2.028201025543724967e+01
5.583184106040014250e+00 1.712923148546815710e+00 -2.013262564907149255e+01
5.497885254542247857e+00 1.708931743182420471e+00 -1.981508247401799494e+01
5.322236519567756119e+00 1.664619405906905047e+00 -1.939922351101202125e+01
5.262144551527420333e+00 1.644970295458911824e+00 -1.928348743529698339e+01
5.285799227595303407e+00 1.657466985426934158e+00 -1.930440304269590968e+01
5.285799227595303407e+00 1.657466985426934158e+00 -1.930440304269590968e+01
5.274650511570404987e+00 1.656536525374820101e+00 -1.929110643540022707e+01
5.355221227461782085e+00 1.688855845238044884e+00 -1.942849914732173389e+01
5.681369208467832443e+00 1.815904644416844294e+00 -2.010865150170192450e+01
5.155538818381888433e+00 1.632159493756929036e+00 -1.899619238545069422e+01
5.053621558665937208e+00 1.613102732988177301e+00 -1.873143151045200838e+01
4.980523093409514601e+00 1.608101898356438575e+00 -1.847701208866621414e+01
4.899012042780634069e+00 1.562145679557568556e+00 -1.842726855009644282e+01
4.873658399465476521e+00 1.571837809417788057e+00 -1.833703462057684064e+01
4.873658399465476521e+00 1.571837809417788057e+00 -1.833703462057684064e+01
4.864445999123581110e+00 1.572360265686181924e+00 -1.829284426331863855e+01
4.896488967726919661e+00 1.589953332529673746e+00 -1.831604288309261008e+01
4.771129189672317139e+00 1.547377570705884553e+00 -1.807992016329923146e+01
4.754600133918787996e+00 1.539647936499628056e+00 -1.805416866178670432e+01
4.754600133918787996e+00 1.539647936499628056e+00 -1.805416866178670432e+01
4.755631652390957420e+00 1.547562359508318997e+00 -1.802498765018549065e+01
5.004332134466809023e+00 1.638009802801093429e+00 -1.861224814244896919e+01
4.792712379217183738e+00 1.563474559428126076e+00 -1.809533454575973366e+01
4.737932999953117452e+00 1.544005681919011552e+00 -1.799424816421645801e+01
4.737932999953117452e+00 1.544005681919011552e+00 -1.799424816421645801e+01
5.079031518917321186e+00 1.696859596194632003e+00 -1.865395200670132780e+01
4.631616526649030341e+00 1.524246459442395674e+00 -1.770875316327838078e+01
4.586615253875530485e+00 1.519779304802544750e+00 -1.769605067375257690e+01
4.567429017864448326e+00 1.502642284942588002e+00 -1.759592115280183577e+01
4.559551510516974382e+00 1.519030094190146896e+00 -1.751295472768458339e+01
4.463318894883236077e+00 1.483844027979696278e+00 -1.731837069325309741e+01
4.482086794422921017e+00 1.497274267866257613e+00 -1.734087209508857086e+01
4.482086794422921017e+00 1.497274267866257613e+00 -1.734087209508857086e+01
4.311913028235336398e+00 1.447743696019833992e+00 -1.696933638230223096e+01
4.330539050640061838e+00 1.452877064180795097e+00 -1.702574401669312110e+01
4.322446122320134698e+00 1.461887177434963991e+00 -1.695276022023375972e+01
4.290362420826872913e+00 1.452961237396582561e+00 -1.688263197087583123e+01
4.278719755504813982e+00 1.441968257583854163e+00 -1.689089320762210988e+01
4.294330877984401162e+00 1.458068777660178839e+00 -1.688359141406536779e+01
4.237152920470408368e+00 1.436479983245118719e+00 -1.678761770511403739e+01
4.256311958111493432e+00 1.463658847768540605e+00 -1.680906990577749127e+01
4.099797989999925285e+00 1.409407933985290073e+00 -1.644479316691311510e+01
4.080123813270936317e+00 1.400747251352713052e+00 -1.639582140802323806e+01
4.072504254915821242e+00 1.405997947159379757e+00 -1.638416645302580932e+01
4.032203272224823998e+00 1.392190581581443487e+00 -1.625949602546317152e+01
4.013180378773353318e+00 1.393803841749295502e+00 -1.623857108653932002e+01
4.042259262801063180e+00 1.411649761351368104e+00 -1.623030544402309872e+01
3.954666923977679271e+00 1.378027230692429494e+00 -1.609526185008318677e+01
3.942603279755442891e+00 1.374101668748826111e+00 -1.607791432447440627e+01
3.950942150110828610e+00 1.382226031866635507e+00 -1.607915084580598020e+01
3.910969317571630022e+00 1.366687477974485088e+00 -1.598595874230196756e+01
3.921402999488447172e+00 1.372668344650058492e+00 -1.598809685146753523e+01
3.961683632984838166e+00 1.396370368945487828e+00 -1.607895005042082204e+01
3.900905405387881331e+00 1.367127255870145053e+00 -1.596845155584534481e+01
3.928198657814984784e+00 1.379863831377247774e+00 -1.598454255957388170e+01
3.903303503382292927e+00 1.372020020652525707e+00 -1.593588660374659938e+01
3.890256234222502219e+00 1.366447513293138405e+00 -1.591929811848170573e+01
3.872330831292080777e+00 1.361997068649650311e+00 -1.590237104015924352e+01
3.916359259999754094e+00 1.383808762062012976e+00 -1.595569153172911570e+01
4.061097048103413876e+00 1.464031657412641740e+00 -1.627519185633548915e+01
3.776271833595305605e+00 1.335491565429975713e+00 -1.564888433392853173e+01
3.823770314952781302e+00 1.366631906470574087e+00 -1.576889635973772741e+01
3.764397634704897744e+00 1.335316941937090496e+00 -1.562585859067656280e+01
3.915863060899969383e+00 1.435454850479035205e+00 -1.592474648876762267e+01
3.699612544803058345e+00 1.339282462150723552e+00 -1.541843539565194376e+01
3.644233417910811124e+00 1.317885397699433359e+00 -1.530801862188632256e+01
3.617789791674724587e+00 1.312196645656772631e+00 -1.525132960659455250e+01
3.580739592700648899e+00 1.298022628289794644e+00 -1.518429027130206777e+01
3.609068647655305995e+00 1.311189315673742195e+00 -1.522160186881509070e+01
3.581001681634228273e+00 1.307689653528340434e+00 -1.516259978508756134e+01
3.549481330676282909e+00 1.250962932980655307e+00 -1.505163834730671546e+01
3.519706683935051927e+00 1.293127134803909506e+00 -1.500774546576833046e+01
3.497445609690168933e+00 1.289439578009823117e+00 -1.494898712826557130e+01
3.495114572942675579e+00 1.288756614663914668e+00 -1.494009086902899242e+01
3.380423124747693908e+00 1.272299722095829866e+00 -1.463995960792630768e+01
3.351245122236625740e+00 1.260850428932769551e+00 -1.459249709405029805e+01
3.348592396309850283e+00 1.264058223692436478e+00 -1.454788905653892428e+01
3.485821391095067057e+00 1.371275563517431628e+00 -1.484579593955920807e+01
3.470087759744919342e+00 1.370072415554040468e+00 -1.481753251207559963e+01
3.285705894195314780e+00 1.248846822009124891e+00 -1.439589055207471446e+01
3.269238943492803084e+00 1.247423920691713040e+00 -1.435790439775301763e+01
3.299336479738875116e+00 1.273414179260557999e+00 -1.450135514366647804e+01
3.299336479738875116e+00 1.273414179260557999e+00 -1.450135514366647804e+01
3.314797463391360388e+00 1.285892996689028012e+00 -1.452068737542549570e+01
3.259093190815310681e+00 1.247624078563120076e+00 -1.432011567968232946e+01
3.331990536638822498e+00 1.301818558168144735e+00 -1.453539233486763571e+01
3.218940551289876328e+00 1.230618820805275737e+00 -1.426947945297800580e+01
3.187727861311507205e+00 1.233607083243125624e+00 -1.414301661690947931e+01
3.187727861311507205e+00 1.233607083243125624e+00 -1.414301661690947931e+01
3.171173140077629071e+00 1.266623876473350618e+00 -1.416693050152729327e+01
3.156064964643160220e+00 1.264300328926077466e+00 -1.412942563946022467e+01
3.029748662193628039e+00 1.190915020340441721e+00 -1.381858586002668865e+01
3.029748662193628039e+00 1.190915020340441721e+00 -1.381858586002668865e+01
3.014567072979669415e+00 1.191061606024784281e+00 -1.383298807073811254e+01
2.983031851249398070e+00 1.179852067818790928e+00 -1.370292582206332099e+01
2.956970098846765538e+00 1.181496921539713085e+00 -1.357653997671425827e+01
2.770626696212388218e+00 1.145230346086903328e+00 -1.312775376496026780e+01
2.587645317250034438e+00 1.104526471923797271e+00 -1.279100491318489041e+01
2.603452254489043050e+00 1.106235459486942130e+00 -1.274197675300236376e+01
2.528738234175285093e+00 1.084434479096559212e+00 -1.263003707279700549e+01
2.491265377692433614e+00 1.080407077431499774e+00 -1.247638192640699550e+01
2.504794763333972440e+00 1.089468537305109175e+00 -1.248482071620236766e+01
2.509514609779632810e+00 1.091307155527991846e+00 -1.248879379148521096e+01
2.400698142148356862e+00 1.063526579426753438e+00 -1.226194662451335660e+01
2.404289198308157349e+00 1.098569124773469685e+00 -1.232700079202030174e+01
2.353108434798750093e+00 1.099650690472313563e+00 -1.219423565881781713e+01
2.260126376810698279e+00 1.031767270183985286e+00 -1.192608215906484581e+01
2.249400078518982049e+00 1.068348494171475593e+00 -1.194934261240363682e+01
2.208298730957132250e+00 1.022236516874149403e+00 -1.180259026606165129e+01
2.199196385999949044e+00 1.024028603438616791e+00 -1.174498629336463473e+01
2.148179320029246497e+00 1.049080303914098566e+00 -1.168855825802074122e+01
2.148179320029246497e+00 1.049080303914098566e+00 -1.168855825802074122e+01
2.123693745608167038e+00 9.945848935062453489e-01 -1.165584048795350824e+01
2.150905187968957577e+00 1.017703609313237001e+00 -1.162396947212787346e+01
2.121327217012569655e+00 1.008297894851913457e+00 -1.158324104022171852e+01
2.075164988138437749e+00 9.941131622781770316e-01 -1.147138053253080336e+01
2.043467985522193331e+00 9.928951210120822157e-01 -1.136239177762548636e+01
2.043467985522193331e+00 9.928951210120822157e-01 -1.136239177762548636e+01
2.001867684914786061e+00 1.016850943290586118e+00 -1.133352304186623805e+01
2.025835716851020596e+00 9.915255430447535989e-01 -1.131513589551407328e+01
1.982073207338782117e+00 1.011537163757062485e+00 -1.128379978061799349e+01
1.912060007258326921e+00 9.721664293288674319e-01 -1.112046941377442622e+01
1.910484901423799453e+00 9.531281180841223444e-01 -1.110059213112433696e+01
1.880466292753882662e+00 9.536484033267140781e-01 -1.103752732600138842e+01
1.876049016753443155e+00 9.549041660379622432e-01 -1.102666503468026704e+01
1.883849670783304786e+00 9.611171868715390199e-01 -1.103476293584885326e+01
1.882010081124565026e+00 1.050925536887903133e+00 -1.101270210067429112e+01
1.848391709659388260e+00 9.423996928934494921e-01 -1.093578226606606130e+01
1.848391709659388260e+00 9.423996928934494921e-01 -1.093578226606606130e+01
1.836684923159124239e+00 9.406966927130433476e-01 -1.091127363679989770e+01
1.803866341329756873e+00 9.375770178141652478e-01 -1.084802579960088309e+01
1.811146940789942539e+00 9.378443026327597520e-01 -1.084665623008422131e+01
1.786138840851434928e+00 9.318345014929035885e-01 -1.080396326952502761e+01
1.797057687696055783e+00 9.311099080270593964e-01 -1.080695141120867575e+01
1.782481586584530042e+00 9.308890317138076576e-01 -1.079045099162642707e+01
1.798537805824403479e+00 9.389898422908375952e-01 -1.077926462349092951e+01
1.788513241719402513e+00 9.411693004769670079e-01 -1.074094533836647614e+01
1.739059958231038650e+00 9.274065352927440831e-01 -1.069635799855638858e+01
1.716889468257540408e+00 9.357541052924067682e-01 -1.064444037209959326e+01
1.713962916534740977e+00 9.341979681241973088e-01 -1.063235848558517205e+01
1.711598372918317956e+00 9.186120851743719840e-01 -1.062114792711289368e+01
1.706206934964931143e+00 9.127531927280916335e-01 -1.059534258977192067e+01
1.704493576300398994e+00 9.137883722880901782e-01 -1.059843924520336245e+01
1.616751866427263318e+00 8.957423845593731615e-01 -1.038221393534760928e+01
