U = [
      0.2097    -0.2462    -0.4450
      0.2013    -0.2533    -0.4546
      0.2302    -0.2316    -0.4215
      0.2298    -0.2493    -0.4179
      0.2067    -0.2489    -0.4506
      0.1846    -0.2666    -0.4757
      0.1999    -0.2651    -0.4567
      0.2781    -0.2284    -0.3613
      0.1783    -0.2704    -0.4852
      0.1730    -0.2757    -0.4903
      0.2079    -0.2487    -0.4497
      0.1947    -0.2702    -0.4638
      0.1995    -0.2690    -0.4587
      0.1748    -0.2732    -0.4899
      0.1726    -0.2747    -0.4927
      0.2449    -0.2478    -0.4030
      0.1686    -0.2778    -0.4968
      0.1708    -0.2806    -0.4935
      0.1697    -0.2821    -0.4952
      0.1881    -0.2632    -0.4741
]; %noisefree 3d points

u = [
     93.1816   435.2619
     98.1247   496.4630
    116.8377   297.3657
    120.8136   774.1024
    122.5680   373.8990
    126.8596   528.9731
    131.8566   684.4849
    136.8571   913.3588
    144.1665   467.6078
    146.5193   536.6133
    147.9713   324.6588
    148.0572   697.0364
    150.3332   717.5607
    151.4456   461.3199
    152.5287   474.6840
    152.9324   844.5833
    155.7138   496.8977
    156.2366   598.2105
    159.8743   606.6572
    161.5811   367.1850
]; % noisy image observations
